0 5 0.0887626 0.0202255
1 5 0.0137187 0.0141125
2 5 0.00547461 0.00605746
3 5 0.00317966 0.0050944
4 5 0.0022888 0.00438851
5 5 0.0017972 0.00364419
6 5 0.00170691 0.00339342
7 5 0.00164649 0.00307221
8 5 0.00147041 0.00280626
9 5 0.00143476 0.00265514
10 5 0.00150127 0.00247777
11 5 0.00139211 0.00230633
12 5 0.00125221 0.00211746
13 5 0.00137195 0.00209728
14 5 0.00133482 0.00191281
15 5 0.00123559 0.00187912
16 5 0.00121959 0.00227408
17 5 0.00151127 0.00179878
18 5 0.0011601 0.001606
19 5 0.00115925 0.00156046
20 5 0.00113322 0.00152516
21 5 0.00121194 0.00159557
22 5 0.00114943 0.0014212
23 5 0.00105 0.00134557
24 5 0.000990649 0.00134174
25 5 0.00147417 0.00149865
26 5 0.00110651 0.00129518
27 5 0.00106523 0.00124249
28 5 0.00103895 0.00117937
29 5 0.00102958 0.00117921
30 5 0.00104866 0.00116296
31 5 0.00100028 0.00113945
32 5 0.00102193 0.00111816
33 5 0.00114779 0.00125689
34 5 0.00102883 0.00107139
35 5 0.00101302 0.0010304
36 5 0.00104806 0.00104497
37 5 0.00104071 0.00113454
38 5 0.000961051 0.000959828
39 5 0.00102225 0.00098013
40 5 0.00104154 0.00090752
41 5 0.00112127 0.00098723
42 5 0.00100484 0.000897872
43 5 0.00110323 0.00105708
44 5 0.00108724 0.00086606
45 5 0.000932886 0.00094813
46 5 0.00125561 0.000892508
47 5 0.000935912 0.000810898
48 5 0.000872547 0.000844479
49 5 0.000978768 0.000994823
50 5 0.00101867 0.000792831
51 5 0.000936376 0.000755373
52 5 0.000799159 0.000725277
53 5 0.000874936 0.00071745
54 5 0.000870966 0.000691024
55 5 0.000991074 0.000692203
56 5 0.000950598 0.00130661
57 5 0.00108069 0.000684931
58 5 0.000896593 0.000687413
59 5 0.000906321 0.000650345
60 5 0.000906838 0.00068267
61 5 0.000902696 0.00063135
62 5 0.0008186 0.000878456
63 5 0.000993153 0.000724203
64 5 0.00097093 0.000604358
65 5 0.000897648 0.000632076
66 5 0.00113419 0.00063752
67 5 0.000918972 0.000601918
68 5 0.000904137 0.000569361
69 5 0.000792708 0.000553155
70 5 0.000809093 0.000590592
71 5 0.000901025 0.0005598
72 5 0.000828276 0.000525916
73 5 0.000813173 0.000541551
74 5 0.000903174 0.000555015
75 5 0.000975073 0.000608145
76 5 0.000923961 0.000539902
77 5 0.000798052 0.000542914
78 5 0.000742671 0.000493376
79 5 0.000909854 0.000501173
80 5 0.00090225 0.000497535
81 5 0.00108612 0.000978769
82 5 0.000943923 0.000516528
83 5 0.000950604 0.000509223
84 5 0.000866508 0.000497893
85 5 0.000802862 0.000479543
86 5 0.000770692 0.000613545
87 5 0.00105138 0.000512322
88 5 0.000834513 0.000489033
89 5 0.000815313 0.000471651
90 5 0.000797048 0.000476303
91 5 0.000896133 0.000717707
92 5 0.000805208 0.000471171
93 5 0.000764717 0.000481353
94 5 0.000846839 0.000453507
95 5 0.000757312 0.000498604
96 5 0.00076185 0.00044579
97 5 0.000831529 0.000497174
98 5 0.000879678 0.000512888
99 5 0.00102277 0.000511387
100 5 0.000790303 0.000450336
101 5 0.000770017 0.000447479
102 5 0.000768636 0.000443305
103 5 0.000805527 0.000428113
104 5 0.000730888 0.00043238
105 5 0.000799438 0.000452654
106 5 0.000747355 0.000456997
107 5 0.000785193 0.000417537
108 5 0.000830245 0.000546378
109 5 0.000775584 0.000531206
110 5 0.000935907 0.00048689
111 5 0.000853386 0.000420305
112 5 0.000777475 0.000455442
113 5 0.000770601 0.00042041
114 5 0.00072463 0.000415605
115 5 0.000899048 0.000478346
116 5 0.000882202 0.000480322
117 5 0.000778238 0.000416374
118 5 0.000710147 0.000422553
119 5 0.000864896 0.000434324
120 5 0.000807781 0.000414686
121 5 0.000736346 0.000411717
122 5 0.000776144 0.000426743
123 5 0.00106931 0.000902962
124 5 0.000810408 0.000429422
125 5 0.00074159 0.000398147
126 5 0.000733796 0.000409181
127 5 0.000766631 0.000388106
128 5 0.000811112 0.000402415
129 5 0.000736168 0.00042613
130 5 0.000790828 0.000415498
131 5 0.000740077 0.000503113
132 5 0.000712297 0.00038901
133 5 0.000771056 0.000412962
134 5 0.000732474 0.000398087
135 5 0.000829318 0.000430771
136 5 0.000833101 0.000426593
137 5 0.000831979 0.000386979
138 5 0.000680852 0.000377836
139 5 0.000762411 0.000384192
140 5 0.000846307 0.000437873
141 5 0.000735563 0.000408594
142 5 0.000754886 0.00038884
143 5 0.000707174 0.000394519
144 5 0.000953519 0.000418261
145 5 0.000758313 0.000379855
146 5 0.000706719 0.000387093
147 5 0.000706072 0.000394667
148 5 0.000683986 0.000364888
149 5 0.000752633 0.000373321
150 5 0.000681079 0.000359016
151 5 0.000877706 0.000486464
152 5 0.000932573 0.000400311
153 5 0.000725174 0.000359867
154 5 0.000718881 0.000366041
155 5 0.000752248 0.000355749
156 5 0.000817314 0.000422956
157 5 0.000742001 0.000362198
158 5 0.000760941 0.00036002
159 5 0.000722564 0.000358721
160 5 0.000738501 0.000398872
161 5 0.000723128 0.000350189
162 5 0.0007851 0.000378552
163 5 0.000800579 0.000365513
164 5 0.000762847 0.000351482
165 5 0.000708836 0.000351096
166 5 0.00071681 0.000342281
167 5 0.000651631 0.000347309
168 5 0.000738964 0.000355807
169 5 0.000780642 0.000408923
170 5 0.00075044 0.000369075
171 5 0.000771684 0.000359715
172 5 0.000719267 0.000354656
173 5 0.000783884 0.000406308
174 5 0.000769559 0.000354542
175 5 0.000699846 0.000340282
176 5 0.000774672 0.000385003
177 5 0.000729763 0.000340526
178 5 0.000690666 0.000339881
179 5 0.000683959 0.000340456
180 5 0.000712744 0.000406273
181 5 0.000714551 0.000372399
182 5 0.000753498 0.000329691
183 5 0.000740116 0.000360655
184 5 0.000698356 0.000349437
185 5 0.000678377 0.000335687
186 5 0.000673724 0.000345773
187 5 0.000903891 0.000532662
188 5 0.000797964 0.00036176
189 5 0.000743393 0.000350445
190 5 0.000729007 0.00035667
191 5 0.000744503 0.000334562
192 5 0.00072404 0.000341873
193 5 0.000700757 0.000340412
194 5 0.000726961 0.000350806
195 5 0.000705493 0.00035896
196 5 0.000680255 0.000369982
197 5 0.000742618 0.000364084
198 5 0.000718113 0.000349585
199 5 0.00072783 0.000410351
200 5 0.000639615 0.000357969
201 5 0.000821157 0.000334002
202 5 0.000745822 0.000324161
203 5 0.000704426 0.000320571
204 5 0.000761926 0.000325005
205 5 0.000636054 0.000361915
206 5 0.000735726 0.000343002
207 5 0.000702001 0.000396962
208 5 0.00107771 0.000844961
209 5 0.000731756 0.000349092
210 5 0.000708989 0.000322874
211 5 0.000693619 0.000314816
212 5 0.000734657 0.000314543
213 5 0.000751097 0.000314319
214 5 0.000810651 0.000317619
215 5 0.000732235 0.000317127
216 5 0.000819924 0.000342263
217 5 0.000738818 0.000327488
218 5 0.000682056 0.000312983
219 5 0.000741951 0.000374839
220 5 0.000732368 0.00032394
221 5 0.000722713 0.000311207
222 5 0.000719202 0.000314171
223 5 0.000695529 0.000358659
224 5 0.000688835 0.000316172
225 5 0.000713092 0.000306725
226 5 0.000702082 0.000353134
227 5 0.00076313 0.000311084
228 5 0.000674815 0.000304344
229 5 0.000654565 0.000335647
230 5 0.000644938 0.000343175
231 5 0.000723514 0.000325432
232 5 0.000751072 0.00034178
233 5 0.000667491 0.00031976
234 5 0.000643295 0.000391059
235 5 0.000725334 0.000483135
236 5 0.000695241 0.000325681
237 5 0.000691766 0.000310243
238 5 0.000665127 0.000301087
239 5 0.000727004 0.000313109
240 5 0.000726865 0.000324068
241 5 0.000703933 0.000315647
242 5 0.000659642 0.000334096
243 5 0.000730477 0.000330915
244 5 0.000731585 0.000330181
245 5 0.000741897 0.000316791
246 5 0.000587268 0.000361132
247 5 0.000714286 0.000298607
248 5 0.000674949 0.000295143
249 5 0.000748102 0.000403902
250 5 0.000704454 0.00031935
251 5 0.00059349 0.000287139
252 5 0.00067087 0.000302364
253 5 0.000662097 0.000321749
254 5 0.000674756 0.000313524
255 5 0.000660193 0.000283334
256 5 0.000682621 0.000316314
257 5 0.000710503 0.000295957
258 5 0.000710687 0.000296202
259 5 0.000661187 0.000291494
260 5 0.000716528 0.000322125
261 5 0.000749409 0.000336728
262 5 0.000618673 0.000288549
263 5 0.000676425 0.000299
264 5 0.000666625 0.000290584
265 5 0.000662249 0.000284019
266 5 0.000676782 0.000303889
267 5 0.000619931 0.000283867
268 5 0.000721313 0.000297178
269 5 0.000756631 0.000513339
270 5 0.000735105 0.000335251
271 5 0.000629838 0.000283615
272 5 0.000711864 0.00027977
273 5 0.000768739 0.000299616
274 5 0.00069359 0.000293501
275 5 0.000698048 0.000294731
276 5 0.000721649 0.000287695
277 5 0.00071133 0.000278603
278 5 0.000722139 0.000280893
279 5 0.000596849 0.00027646
280 5 0.000590284 0.000308851
281 5 0.000719265 0.000303594
282 5 0.000651048 0.000294684
283 5 0.000711941 0.00027783
284 5 0.000690806 0.000458288
285 5 0.000723861 0.000309342
286 5 0.000667364 0.000360126
287 5 0.000673417 0.000299503
288 5 0.000745675 0.000290157
289 5 0.00068537 0.000282802
290 5 0.000603791 0.000273406
291 5 0.000702852 0.000304734
292 5 0.000698028 0.000350638
293 5 0.000725104 0.00030424
294 5 0.000708945 0.000270819
295 5 0.000617817 0.000283031
296 5 0.000621487 0.000291868
297 5 0.000662876 0.000268999
298 5 0.000749826 0.000367877
299 5 0.000704011 0.000283793
300 5 0.000684115 0.0003002
301 5 0.00072465 0.00040251
302 5 0.000747327 0.000270424
303 5 0.000687794 0.000293553
304 5 0.000727584 0.000266629
305 5 0.000611812 0.000300104
306 5 0.000661125 0.000273994
307 5 0.000642563 0.000328172
308 5 0.000683366 0.000267036
309 5 0.000699822 0.000264647
310 5 0.000728271 0.000287469
311 5 0.000608447 0.000287507
312 5 0.000727764 0.000273041
313 5 0.000689009 0.00031924
314 5 0.000697794 0.000289527
315 5 0.000691007 0.000274788
316 5 0.000620433 0.000267072
317 5 0.00066615 0.000267002
318 5 0.00073965 0.000293884
319 5 0.000590897 0.000266294
320 5 0.000622855 0.000265388
321 5 0.000674133 0.000339306
322 5 0.000726442 0.000296621
323 5 0.000592099 0.000279865
324 5 0.0006804 0.000267244
325 5 0.000608046 0.000309099
326 5 0.000690921 0.000282077
327 5 0.000621547 0.000265284
328 5 0.000680401 0.000260587
329 5 0.000694039 0.000266301
330 5 0.000702351 0.000268029
331 5 0.000723937 0.00026731
332 5 0.000653644 0.000318363
333 5 0.000728757 0.000556511
334 5 0.00066766 0.000268187
335 5 0.00077188 0.000295599
336 5 0.0006856 0.000261982
337 5 0.00070498 0.00027257
338 5 0.000683088 0.000263607
339 5 0.00072343 0.000301171
340 5 0.00074314 0.000275626
341 5 0.000697556 0.000256192
342 5 0.000701044 0.000322503
343 5 0.000707463 0.000277738
344 5 0.000695802 0.000285616
345 5 0.000734437 0.000264347
346 5 0.000735776 0.000583656
347 5 0.000754177 0.000261608
348 5 0.000658221 0.000271098
349 5 0.000695546 0.000322764
350 5 0.000741473 0.000308547
351 5 0.000624766 0.000251841
352 5 0.000707755 0.000264369
353 5 0.000655894 0.000262331
354 5 0.000705584 0.000268304
355 5 0.000677602 0.000266601
356 5 0.000712369 0.000248124
357 5 0.000705779 0.000307899
358 5 0.000674715 0.000309659
359 5 0.000748658 0.000257399
360 5 0.000683753 0.000284325
361 5 0.000663144 0.000261123
362 5 0.00069604 0.000257099
363 5 0.000683483 0.000294914
364 5 0.000726133 0.000248457
365 5 0.000644027 0.000337241
366 5 0.000750226 0.000252351
367 5 0.000670155 0.000245118
368 5 0.000712777 0.000246425
369 5 0.000702897 0.00024295
370 5 0.000662248 0.00024994
371 5 0.000769994 0.000253326
372 5 0.000724568 0.000251491
373 5 0.000685474 0.000248346
374 5 0.000655419 0.000253147
375 5 0.000698451 0.000253915
376 5 0.000704534 0.000278544
377 5 0.00070564 0.000250655
378 5 0.000648187 0.000262296
379 5 0.000667202 0.000247164
380 5 0.000645257 0.000295619
381 5 0.00071812 0.000248477
382 5 0.000680841 0.000366367
383 5 0.000661077 0.000248871
384 5 0.000623623 0.000229889
385 5 0.000607159 0.000246776
386 5 0.000756549 0.000253957
387 5 0.000675284 0.000260262
388 5 0.000696593 0.000241605
389 5 0.000662184 0.000249047
390 5 0.000677612 0.000227692
391 5 0.000657457 0.000233498
392 5 0.000681126 0.000276747
393 5 0.000660957 0.000292328
394 5 0.000651176 0.000243811
395 5 0.0007086 0.000239912
396 5 0.000682977 0.000233745
397 5 0.000654637 0.000250175
398 5 0.000695935 0.000242902
399 5 0.00068794 0.000234123
400 5 0.000739232 0.000248093
401 5 0.000639671 0.00022978
402 5 0.000706152 0.000237558
403 5 0.000671846 0.000234466
404 5 0.000647748 0.000236448
405 5 0.000700384 0.00022998
406 5 0.000707432 0.000237447
407 5 0.000671879 0.00025375
408 5 0.00068214 0.000292021
409 5 0.000663813 0.000251098
410 5 0.000704293 0.000265559
411 5 0.000631389 0.000228354
412 5 0.000691695 0.000264864
413 5 0.000678845 0.000233926
414 5 0.000643817 0.000226205
415 5 0.000717161 0.000293749
416 5 0.000721355 0.000223381
417 5 0.000701697 0.000687951
418 5 0.000746189 0.00023848
419 5 0.000666731 0.000224008
420 5 0.000663131 0.000226891
421 5 0.00065437 0.000231601
422 5 0.00074263 0.000234317
423 5 0.000647778 0.000272087
424 5 0.000724589 0.000248525
425 5 0.000671517 0.000223474
426 5 0.000666547 0.000225955
427 5 0.000649868 0.000226496
428 5 0.000672009 0.000231783
429 5 0.000719121 0.000230218
430 5 0.00063995 0.000217786
431 5 0.000654217 0.000239239
432 5 0.000829566 0.000233747
433 5 0.000697133 0.000246233
434 5 0.000653836 0.000216768
435 5 0.00064706 0.000227363
436 5 0.000654375 0.000260757
437 5 0.000737231 0.00023909
438 5 0.00063836 0.000236785
439 5 0.000664212 0.000216872
440 5 0.000677231 0.000230885
441 5 0.00072002 0.000255943
442 5 0.000679289 0.00022748
443 5 0.000676153 0.000228032
444 5 0.000708161 0.000272395
445 5 0.000633075 0.00024328
446 5 0.000662241 0.0002179
447 5 0.00064172 0.000224994
448 5 0.00062463 0.00025496
449 5 0.000746176 0.000228335
450 5 0.000676399 0.000223033
451 5 0.000603428 0.000247684
452 5 0.000630305 0.000216103
453 5 0.000688012 0.000229992
454 5 0.000685284 0.000216505
455 5 0.000669359 0.000237145
456 5 0.000627841 0.000238467
457 5 0.000712122 0.000322946
458 5 0.000677329 0.000218541
459 5 0.000650591 0.000219372
460 5 0.000657156 0.000348784
461 5 0.000678763 0.000225344
462 5 0.000632703 0.000216922
463 5 0.000678828 0.000253671
464 5 0.000630802 0.000255441
465 5 0.000630089 0.000229708
466 5 0.000687986 0.000219968
467 5 0.000629754 0.000218695
468 5 0.000646503 0.000206133
469 5 0.000706176 0.000255681
470 5 0.000678797 0.000240549
471 5 0.000682953 0.000220147
472 5 0.000646756 0.000219224
473 5 0.000689303 0.000245299
474 5 0.000708875 0.000218367
475 5 0.000628309 0.000208113
476 5 0.000670534 0.000209591
477 5 0.000641437 0.000382207
478 5 0.000772705 0.000222476
479 5 0.000611984 0.000210744
480 5 0.000665316 0.000227632
481 5 0.000661131 0.000220473
482 5 0.000653771 0.000220015
483 5 0.000611164 0.000206037
484 5 0.000664202 0.000354846
485 5 0.000687076 0.000321938
486 5 0.000695923 0.000227259
487 5 0.000647122 0.00021763
488 5 0.000699097 0.000228161
489 5 0.000656812 0.000211354
490 5 0.000659652 0.000207919
491 5 0.000659865 0.000207124
492 5 0.000671244 0.000207751
493 5 0.000642161 0.00035733
494 5 0.000625534 0.000212225
495 5 0.000646122 0.000211678
496 5 0.000624451 0.000251054
497 5 0.000608052 0.000211914
498 5 0.000638336 0.000206462
499 5 0.000659257 0.000256981
500 5 0.000687092 0.000212328
501 5 0.00068467 0.000204943
502 5 0.000645916 0.000210125
503 5 0.000653412 0.000224967
504 5 0.000657361 0.000213364
505 5 0.000653423 0.000204548
506 5 0.000669715 0.000214435
507 5 0.00065183 0.000227577
508 5 0.000641793 0.000218977
509 5 0.000690482 0.000226823
510 5 0.000625808 0.000203416
511 5 0.00066968 0.000198351
512 5 0.000626491 0.000205107
513 5 0.000619153 0.000211052
514 5 0.000691468 0.000200989
515 5 0.000681387 0.000202425
516 5 0.00061201 0.000210646
517 5 0.000702516 0.000206097
518 5 0.000604116 0.000223317
519 5 0.000607221 0.000202156
520 5 0.000625823 0.00024687
521 5 0.00069322 0.000208553
522 5 0.00067801 0.000201758
523 5 0.000693125 0.000208626
524 5 0.000658677 0.000209348
525 5 0.000604163 0.000209578
526 5 0.000631325 0.000203881
527 5 0.000644107 0.000224895
528 5 0.000686546 0.000207474
529 5 0.000669628 0.000292564
530 5 0.000683563 0.000220248
531 5 0.000623321 0.000221066
532 5 0.000674175 0.000208136
533 5 0.000635685 0.000198848
534 5 0.000647448 0.00019572
535 5 0.000709226 0.000214066
536 5 0.000623819 0.000193076
537 5 0.000660303 0.000198049
538 5 0.000642352 0.000225179
539 5 0.000644418 0.000194059
540 5 0.000694778 0.000237318
541 5 0.000660119 0.000294147
542 5 0.000648924 0.000209481
543 5 0.000714531 0.000235365
544 5 0.00063613 0.000202905
545 5 0.000593476 0.000198247
546 5 0.000638934 0.000201687
547 5 0.000683475 0.000195418
548 5 0.000634424 0.000209525
549 5 0.000620048 0.000206364
550 5 0.000683359 0.000209995
551 5 0.000641817 0.000226358
552 5 0.000601209 0.000204053
553 5 0.000647339 0.000201064
554 5 0.000640673 0.000199436
555 5 0.000662348 0.000197781
556 5 0.000632055 0.000219613
557 5 0.000667307 0.00019703
558 5 0.000666697 0.000196714
559 5 0.000681161 0.000208277
560 5 0.000600839 0.00019912
561 5 0.000613854 0.000197531
562 5 0.000630496 0.00019985
563 5 0.000688107 0.000206011
564 5 0.000635454 0.000226483
565 5 0.000639512 0.000193533
566 5 0.000580161 0.00019625
567 5 0.000677763 0.000202302
568 5 0.000658862 0.000244039
569 5 0.000702285 0.00021344
570 5 0.000633348 0.000193408
571 5 0.000639721 0.000226398
572 5 0.000610274 0.000191375
573 5 0.000611132 0.000209564
574 5 0.000659041 0.000194973
575 5 0.000652597 0.00019395
576 5 0.000648507 0.000210573
577 5 0.000614568 0.000198661
578 5 0.000618892 0.000204052
579 5 0.000678305 0.000192019
580 5 0.000625016 0.000210612
581 5 0.000650359 0.000196133
582 5 0.000653107 0.000201027
583 5 0.000680666 0.000201653
584 5 0.000602091 0.000192894
585 5 0.000641566 0.00023043
586 5 0.000721979 0.000213667
587 5 0.000624352 0.000195642
588 5 0.000655671 0.000199048
589 5 0.000661934 0.000191279
590 5 0.000658326 0.000211158
591 5 0.000676917 0.00020385
592 5 0.000638409 0.000278101
593 5 0.000666965 0.000194365
594 5 0.000599255 0.000225835
595 5 0.000608085 0.000191418
596 5 0.000641512 0.000194998
597 5 0.000595241 0.000195474
598 5 0.000655849 0.000192091
599 5 0.000589148 0.000199846
600 5 0.000623042 0.000215901
601 5 0.000620938 0.000208561
602 5 0.000624624 0.000210542
603 5 0.000656343 0.000191835
604 5 0.000615539 0.000199823
605 5 0.000636194 0.000240783
606 5 0.000581409 0.000189694
607 5 0.000586387 0.000224161
608 5 0.000678106 0.000190976
609 5 0.000707783 0.000203879
610 5 0.000591454 0.000190368
611 5 0.000632194 0.000208327
612 5 0.000603182 0.00019066
613 5 0.000591652 0.00024634
614 5 0.000650567 0.000188501
615 5 0.000666205 0.000190727
616 5 0.00064096 0.000189684
617 5 0.000681176 0.000238735
618 5 0.00066895 0.000193253
619 5 0.000657781 0.000194453
620 5 0.000611286 0.000184251
621 5 0.000650198 0.000189745
622 5 0.00063866 0.000289772
623 5 0.000678987 0.000189585
624 5 0.000617453 0.000216831
625 5 0.000665735 0.000189459
626 5 0.000613946 0.000188232
627 5 0.000628441 0.000201424
628 5 0.000649473 0.000201141
629 5 0.000712753 0.000197059
630 5 0.000579879 0.000185799
631 5 0.000638542 0.000186096
632 5 0.000645066 0.000189656
633 5 0.000647029 0.000205334
634 5 0.00070897 0.000203032
635 5 0.000663331 0.000185563
636 5 0.000630905 0.00019377
637 5 0.000653135 0.000186696
638 5 0.000671869 0.000186217
639 5 0.000669539 0.000186619
640 5 0.000636556 0.000194543
641 5 0.00065115 0.000200637
642 5 0.000640792 0.000186789
643 5 0.000634543 0.000202534
644 5 0.00062303 0.000195782
645 5 0.000616219 0.00019501
646 5 0.000585823 0.000194802
647 5 0.000618918 0.000183661
648 5 0.00067551 0.00021218
649 5 0.000700916 0.00021997
650 5 0.00064347 0.000194123
651 5 0.000653723 0.00018482
652 5 0.00064029 0.000231323
653 5 0.000634961 0.000183656
654 5 0.00062385 0.00018898
655 5 0.000674605 0.000195164
656 5 0.000682757 0.000201335
657 5 0.000659038 0.000184544
658 5 0.000660702 0.00018686
659 5 0.000683085 0.000192075
660 5 0.000652935 0.000186882
661 5 0.000692234 0.000184574
662 5 0.000630127 0.000201733
663 5 0.000610978 0.000194329
664 5 0.00063141 0.000213382
665 5 0.000632771 0.000182244
666 5 0.00067723 0.000187325
667 5 0.000654221 0.000190535
668 5 0.000616354 0.000190659
669 5 0.000588997 0.000220133
670 5 0.000665508 0.000187419
671 5 0.000685428 0.000282963
672 5 0.000608202 0.000192997
673 5 0.000640927 0.000181384
674 5 0.000641224 0.000184462
675 5 0.000674558 0.000197154
676 5 0.000624919 0.000198659
677 5 0.000631858 0.00019071
678 5 0.000617667 0.000190077
679 5 0.00060539 0.000203497
680 5 0.000679145 0.000189531
681 5 0.00058702 0.000182493
682 5 0.000663436 0.000214249
683 5 0.000601877 0.000187204
684 5 0.000620013 0.000215779
685 5 0.000622392 0.000185113
686 5 0.000656906 0.000252143
687 5 0.000682916 0.000190559
688 5 0.000652793 0.000188412
689 5 0.000612487 0.00019901
690 5 0.000626868 0.000196991
691 5 0.000711462 0.000185384
692 5 0.000630882 0.00018773
693 5 0.000603144 0.00019202
694 5 0.000681486 0.00019642
695 5 0.000624512 0.000215211
696 5 0.000633139 0.00020727
697 5 0.000615475 0.00022939
698 5 0.000715488 0.000196609
699 5 0.00060926 0.000196342
700 5 0.00060512 0.000180548
701 5 0.000656318 0.000182284
702 5 0.000615253 0.000186635
703 5 0.000602232 0.000186451
704 5 0.000638449 0.000196044
705 5 0.000629439 0.000180678
706 5 0.000623698 0.000212501
707 5 0.00064705 0.000180656
708 5 0.000655353 0.000207315
709 5 0.000576797 0.000179559
710 5 0.00063593 0.000192641
711 5 0.000652349 0.000194875
712 5 0.000609989 0.000182479
713 5 0.000683262 0.0001928
714 5 0.000633171 0.000206581
715 5 0.000643788 0.000217265
716 5 0.000671834 0.000186541
717 5 0.00058098 0.000197346
718 5 0.000645156 0.000194978
719 5 0.00066242 0.000196653
720 5 0.000655636 0.000180257
721 5 0.000659121 0.000184768
722 5 0.0006396682 0.00018704387
723 5 0.0006411779 0.00017869992
724 5 0.00065803586 0.00024861636
725 5 0.00065382966 0.00020816269
726 5 0.00064544316 0.00018383747
727 5 0.0005900631 0.00017699813
728 5 0.0007229085 0.00019205008
729 5 0.0006256249 0.00018880323
730 5 0.0006412805 0.00018299493
731 5 0.00059381913 0.00019098313
732 5 0.0006433932 0.00018836923
733 5 0.0006101074 0.00018488937
734 5 0.00062699994 0.00021293505
735 5 0.0006455262 0.00020581746
736 5 0.00066687004 0.00021249989
737 5 0.0006458421 0.00019408297
738 5 0.0006468061 0.00018880806
739 5 0.000659358 0.00017937551
740 5 0.00065343163 0.00019204679
741 5 0.00063548965 0.0001758437
742 5 0.0006552419 0.00019687624
743 5 0.0006530721 0.00019007809
744 5 0.00066499284 0.00018195449
745 5 0.0005936431 0.0001866918
746 5 0.00065219594 0.00017977877
747 5 0.0005895796 0.00018085417
748 5 0.00067555154 0.00019573227
749 5 0.000604327 0.00019355444
750 5 0.0006373932 0.00020641077
751 5 0.0006120566 0.00019444093
752 5 0.0006642633 0.0001818243
753 5 0.0006105088 0.00017744549
754 5 0.00060357165 0.00019255617
755 5 0.00065419596 0.0001816025
756 5 0.00061412697 0.00018047122
757 5 0.00065242517 0.00018998132
758 5 0.0006658331 0.00022307299
759 5 0.0006517445 0.00017760893
760 5 0.00064635486 0.00018494019
761 5 0.00065369677 0.00020192053
762 5 0.00062920776 0.00018293357
763 5 0.0006672746 0.00020596404
764 5 0.00064968434 0.00017527159
765 5 0.00059959333 0.00028358653
766 5 0.000616544 0.00019130483
767 5 0.00059857516 0.00017819663
768 5 0.0006886608 0.00018810485
769 5 0.0006207186 0.00027651043
770 5 0.0006388872 0.00018184318
771 5 0.0006367501 0.00017825192
772 5 0.0006333596 0.00018348802
773 5 0.0006151057 0.00017311337
774 5 0.0006571097 0.00022432774
775 5 0.0006595435 0.00020028606
776 5 0.0006461153 0.0001762415
777 5 0.0006377277 0.00018246629
778 5 0.0006293992 0.00017602734
779 5 0.0006644723 0.00017511427
780 5 0.000601779 0.00017410795
781 5 0.0006016012 0.00022403595
782 5 0.0006534267 0.00018269818
783 5 0.00063301396 0.0001779722
784 5 0.00064160046 0.00019155907
785 5 0.00063181814 0.00021281769
786 5 0.00063419883 0.0001800165
787 5 0.0006634902 0.00017669755
788 5 0.00064999884 0.00017570908
789 5 0.00063900516 0.00018545076
790 5 0.0006292089 0.00017236364
791 5 0.00061611447 0.00017426343
792 5 0.00060711504 0.00018384773
793 5 0.0006504014 0.00017915871
794 5 0.0005891474 0.0001871822
795 5 0.000652363 0.0001773741
796 5 0.0006212884 0.00018647901
797 5 0.0006440884 0.00019997952
798 5 0.00062032056 0.00017409737
799 5 0.00059101306 0.0002114519
800 5 0.000620724 0.00017283564
801 5 0.00062598125 0.00019386272
802 5 0.00060114695 0.00017460196
803 5 0.0006343853 0.00017292662
804 5 0.00061988266 0.00017348025
805 5 0.0006294295 0.00018154924
806 5 0.0006173438 0.00017361397
807 5 0.00065620104 0.00018831278
808 5 0.0006718482 0.00017938134
809 5 0.0006273132 0.00018073928
810 5 0.00065025914 0.00018335278
811 5 0.00063615036 0.00017458874
812 5 0.00062355073 0.00017329428
813 5 0.0006329602 0.00024289533
814 5 0.0006550983 0.00017640211
815 5 0.0006101812 0.00017771662
816 5 0.0006514588 0.00018064036
817 5 0.0006630907 0.000186285
818 5 0.000608149 0.00017973538
819 5 0.0005947289 0.00017610368
820 5 0.0005946675 0.00018318859
821 5 0.0006679962 0.00017238005
822 5 0.00064690236 0.00019022803
823 5 0.00059898663 0.0001859655
824 5 0.00062879384 0.00017492351
825 5 0.0006648715 0.00017746114
826 5 0.0006237222 0.00019413688
827 5 0.0006405284 0.00017933776
828 5 0.00060831814 0.00017350256
829 5 0.0006551253 0.00017607426
830 5 0.0006297416 0.0002049392
831 5 0.0006461685 0.0001856073
832 5 0.0006172077 0.00017122633
833 5 0.0006133446 0.00017960004
834 5 0.0006502804 0.00018513238
835 5 0.0005902171 0.00016887729
836 5 0.0006248602 0.00018272102
837 5 0.0006549349 0.00017503578
838 5 0.00058612524 0.00018941755
839 5 0.0006799138 0.00017834164
840 5 0.0006003608 0.00017046992
841 5 0.00062889664 0.00018103246
842 5 0.00061568315 0.00018698408
843 5 0.0005779959 0.00017412067
844 5 0.00062402675 0.00018107337
845 5 0.0006509819 0.00017193214
846 5 0.0006481452 0.00021176519
847 5 0.0006782559 0.00017367577
848 5 0.00064483704 0.0001750263
849 5 0.00063905475 0.00020734694
850 5 0.0006688676 0.00017670688
851 5 0.00060414406 0.00018317078
852 5 0.0006430322 0.00017006228
853 5 0.0006164777 0.00017555965
854 5 0.0006071686 0.00017203666
855 5 0.0005963446 0.00017102085
856 5 0.00063581904 0.0001729664
857 5 0.00058119866 0.0001778365
858 5 0.00060185534 0.00017024594
859 5 0.00062308495 0.0001769542
860 5 0.0006123811 0.00017442882
861 5 0.00062184234 0.0001690414
862 5 0.0006178547 0.00017328572
863 5 0.0006173042 0.00018235225
864 5 0.0006272475 0.00016695743
865 5 0.00059462484 0.00021748559
866 5 0.00066400203 0.00017173955
867 5 0.0006072221 0.0001707599
868 5 0.000591413 0.00018130486
869 5 0.0006150896 0.00020989204
870 5 0.0006247256 0.00017714205
871 5 0.0006015646 0.00017625478
872 5 0.0006510014 0.0001729977
873 5 0.00059993553 0.00017273687
874 5 0.0005886155 0.00018306648
875 5 0.00060503633 0.00017371168
876 5 0.0006669344 0.00017897329
877 5 0.0006428659 0.00017144147
878 5 0.00060599024 0.00019495585
879 5 0.00064374716 0.0001989256
880 5 0.000563973 0.00017488218
881 5 0.00064094365 0.00017292076
882 5 0.00061276637 0.00017920321
883 5 0.0006059559 0.00017614616
884 5 0.00064449484 0.00017049414
885 5 0.00064401 0.00017259113
886 5 0.0006117487 0.00017661422
887 5 0.0006130721 0.00017815502
888 5 0.0006806249 0.00017719646
889 5 0.00059023424 0.00017976646
890 5 0.0006199549 0.0002072917
891 5 0.00059779134 0.00018896237
892 5 0.0006340489 0.00017180131
893 5 0.0006189388 0.00017463986
894 5 0.0005811099 0.0001822393
895 5 0.00066176115 0.0001951719
896 5 0.0006138179 0.00017108214
897 5 0.00061277294 0.00017257738
898 5 0.0006002761 0.00016888794
899 5 0.0006182568 0.00017233806
900 5 0.0006186083 0.00016696755
901 5 0.0005922849 0.00018567331
902 5 0.0006058734 0.00017963351
903 5 0.0006123986 0.00017902679
904 5 0.0006700346 0.00017162134
905 5 0.00065566687 0.00019621057
906 5 0.0006372256 0.00017121341
907 5 0.00063725444 0.00018174537
908 5 0.0006145914 0.00016651441
909 5 0.0006133093 0.00016937213
910 5 0.00061961554 0.00019105565
911 5 0.0006080044 0.00017157267
912 5 0.00061321666 0.00018942141
913 5 0.00064845715 0.00018820929
914 5 0.00062990503 0.00017595394
915 5 0.00060143153 0.00017357756
916 5 0.00060286594 0.00017568556
917 5 0.0006069386 0.00016870479
918 5 0.00065214705 0.00017515349
919 5 0.0005664641 0.00016858154
920 5 0.00060280965 0.00016883157
921 5 0.00064110133 0.00016834748
922 5 0.00063520815 0.00016822113
923 5 0.0006948048 0.00017007465
924 5 0.0006237126 0.00016683676
925 5 0.0006580585 0.00017567594
926 5 0.00063748914 0.00016909406
927 5 0.00065726484 0.00022291526
928 5 0.0006058671 0.0001722893
929 5 0.00061996205 0.00018285029
930 5 0.0005942725 0.00017192303
931 5 0.0005951101 0.00025553242
932 5 0.0006238983 0.00017228608
933 5 0.0006234939 0.00016347732
934 5 0.0006124073 0.00016985401
935 5 0.0006550602 0.00016862353
936 5 0.0006383451 0.00017771673
937 5 0.000629637 0.00017824293
938 5 0.00060486584 0.0001909865
939 5 0.00065346283 0.00017885718
940 5 0.0006402128 0.00017757628
941 5 0.0005878701 0.00017615687
942 5 0.00062051544 0.00016906562
943 5 0.000582057 0.00019265717
944 5 0.0006214826 0.00016887445
945 5 0.0006032837 0.0001742022
946 5 0.0006214898 0.00016820269
947 5 0.0006214034 0.00016931452
948 5 0.00064752373 0.00017817593
949 5 0.0006139297 0.00016749684
950 5 0.00063010975 0.00019024279
951 5 0.0005954701 0.00017054453
952 5 0.0006227388 0.0001677269
953 5 0.00062780007 0.0001742071
954 5 0.0006707641 0.00017769916
955 5 0.0006322713 0.000170003
956 5 0.00062381255 0.00018129539
957 5 0.0006163941 0.00017168406
958 5 0.0005824265 0.00017751144
959 5 0.00060749 0.00016673158
960 5 0.0006026704 0.00019601715
961 5 0.0006335769 0.00016928471
962 5 0.0005960254 0.00016851316
963 5 0.00059184886 0.00017115507
964 5 0.0006274748 0.00016723426
965 5 0.0006162315 0.00017514556
966 5 0.0006202492 0.00017512382
967 5 0.00064014975 0.00018157648
968 5 0.0006146621 0.00018186845
969 5 0.0006183378 0.00018189759
970 5 0.00062781473 0.00017135438
971 5 0.00065016776 0.0001689351
972 5 0.00058144116 0.0001656128
973 5 0.0006165061 0.00021997358
974 5 0.0006099207 0.00023173675
975 5 0.0006127972 0.00016683654
976 5 0.0006277159 0.00016920913
977 5 0.00063219725 0.00016884819
978 5 0.0006238166 0.00016679383
979 5 0.00063862855 0.00021159467
980 5 0.00062389596 0.00016524676
981 5 0.00062084035 0.00017018359
982 5 0.0006499008 0.00017671018
983 5 0.0006835097 0.00020250307
984 5 0.00058544177 0.00016845886
985 5 0.0005615368 0.00016444066
986 5 0.0006603581 0.00017212139
987 5 0.00063189067 0.00017410635
988 5 0.0006221935 0.0003244321
989 5 0.0006424183 0.00017031447
990 5 0.0005952222 0.0001734286
991 5 0.00060158246 0.00016463053
992 5 0.00063737214 0.00020394556
993 5 0.00065476797 0.00017033494
994 5 0.0006271201 0.00016428575
995 5 0.0006106306 0.00018944556
996 5 0.0006124332 0.00019612971
997 5 0.00061438116 0.00018960057
998 5 0.0006303533 0.00016711325
